Id,SalePrice
1461,149275.0
1462,199737.5
1463,186100.0
1464,198012.5
1465,161297.5
1466,179821.875
1467,141425.0
1468,166052.75
1469,169106.25
1470,122235.375
1471,218250.0
1472,97237.5
1473,101612.5
1474,160237.5
1475,111237.5
1476,292904.0
1477,207585.0
1478,224214.75
1479,288216.25
1480,381081.25
1481,286184.5
1482,191999.25
1483,137600.0
1484,176853.125
1485,171062.5
1486,184836.25
1487,263690.5
1488,208373.75
1489,147756.375
1490,209062.5
1491,203937.5
1492,124318.75
1493,189077.75
1494,223875.0
1495,287453.0
1496,245612.5
1497,144632.0
1498,149348.125
1499,137641.625
1500,149641.625
1501,168112.5
1502,107487.5
1503,262350.0
1504,189125.0
1505,218000.0
1506,196518.75
1507,296343.75
1508,184925.0
1509,171025.0
1510,157725.0
1511,157300.0
1512,204521.5
1513,156956.25
1514,257050.0
1515,231398.75
1516,147574.625
1517,164187.5
1518,198272.5
1519,224369.5
1520,130375.0
1521,146562.5
1522,172487.5
1523,109158.25
1524,122443.75
1525,131631.25
1526,144125.0
1527,122737.5
1528,144812.5
1529,143931.25
1530,164437.5
1531,126679.25
1532,143050.0
1533,158562.5
1534,119987.5
1535,184637.5
1536,116081.25
1537,118693.75
1538,149562.5
1539,175187.5
1540,176812.5
1541,142456.25
1542,145437.5
1543,186566.875
1544,92562.5
1545,110425.0
1546,123737.5
1547,127568.75
1548,125543.75
1549,118875.0
1550,131806.25
1551,161687.5
1552,180918.75
1553,180960.875
1554,140673.625
1555,241602.75
1556,134625.0
1557,156737.5
1558,102487.5
1559,137700.0
1560,126118.75
1561,197037.5
1562,131500.0
1563,126987.5
1564,183354.625
1565,165425.0
1566,235250.0
1567,111193.75
1568,203333.125
1569,170687.5
1570,149537.5
1571,134125.0
1572,161875.0
1573,207312.5
1574,168330.125
1575,176062.5
1576,240875.0
1577,190516.125
1578,184763.75
1579,129593.75
1580,181812.5
1581,169587.5
1582,122925.0
1583,324339.5
1584,226437.5
1585,143050.0
1586,84901.375
1587,100236.625
1588,158050.0
1589,149650.0
1590,123312.5
1591,110643.75
1592,158335.0
1593,111625.0
1594,175319.125
1595,141937.5
1596,196250.0
1597,236903.75
1598,197621.25
1599,138862.5
1600,178012.625
1601,94472.875
1602,125550.0
1603,99437.625
1604,218429.875
1605,246006.25
1606,159912.5
1607,271099.125
1608,187538.5
1609,138302.75
1610,153187.5
1611,198530.875
1612,196222.875
1613,201863.5
1614,141812.5
1615,103737.5
1616,93437.5
1617,95487.5
1618,126175.0
1619,131718.75
1620,172000.0
1621,148718.75
1622,159893.75
1623,210634.625
1624,211773.25
1625,144643.75
1626,202750.0
1627,209398.75
1628,268187.5
1629,181362.5
1630,205675.0
1631,182718.75
1632,205837.5
1633,149492.5
1634,184900.0
1635,192175.0
1636,181549.25
1637,223287.5
1638,195673.375
1639,186092.625
1640,288325.0
1641,196812.5
1642,179362.5
1643,173687.5
1644,193637.5
1645,219618.625
1646,148112.5
1647,146631.25
1648,154600.0
1649,131594.75
1650,131070.0
1651,115375.0
1652,95550.0
1653,95550.0
1654,157187.5
1655,128562.5
1656,160237.5
1657,157187.5
1658,159875.0
1659,91187.5
1660,131300.0
1661,366588.875
1662,312378.75
1663,347059.75
1664,397691.625
1665,230964.75
1666,242687.5
1667,264203.125
1668,248475.0
1669,227987.5
1670,317528.5
1671,292814.625
1672,376562.5
1673,252579.0
1674,237011.0
1675,191968.75
1676,211500.0
1677,185487.5
1678,377250.0
1679,376562.5
1680,220743.75
1681,176774.25
1682,235937.5
1683,192248.75
1684,175479.375
1685,162305.0
1686,179478.125
1687,147800.0
1688,181856.25
1689,179759.375
1690,182250.0
1691,172200.0
1692,228000.0
1693,144500.0
1694,200350.0
1695,168200.0
1696,255750.0
1697,167450.0
1698,319785.75
1699,219156.25
1700,211687.5
1701,239693.75
1702,225900.0
1703,229455.375
1704,286124.0
1705,192441.75
1706,355615.5
1707,185100.0
1708,195835.0
1709,232413.5
1710,208476.875
1711,253968.75
1712,213507.625
1713,244562.5
1714,210682.0
1715,206241.875
1716,148816.5
1717,173943.75
1718,154856.25
1719,194146.875
1720,194718.75
1721,143872.5
1722,136225.0
1723,151056.25
1724,192724.25
1725,239712.5
1726,177537.5
1727,196036.75
1728,149112.5
1729,151618.75
1730,154937.5
1731,132546.875
1732,136250.0
1733,126375.0
1734,132675.0
1735,126625.0
1736,114787.5
1737,325937.5
1738,182412.5
1739,147737.5
1740,197606.375
1741,169359.75
1742,168516.625
1743,147288.0
1744,316625.0
1745,291486.625
1746,175062.5
1747,215687.5
1748,236062.5
1749,154331.25
1750,153494.5
1751,212600.0
1752,124450.0
1753,202627.5
1754,221411.25
1755,188687.5
1756,132275.0
1757,118887.5
1758,167300.0
1759,206862.5
1760,165912.5
1761,173112.5
1762,203000.0
1763,156906.25
1764,123250.0
1765,242721.5
1766,211187.5
1767,278062.5
1768,158869.5
1769,157987.5
1770,132375.0
1771,134325.0
1772,178161.25
1773,145325.0
1774,211137.125
1775,135556.25
1776,146768.75
1777,117312.5
1778,127437.5
1779,110725.0
1780,167712.5
1781,140925.0
1782,95572.5
1783,150166.875
1784,87362.5
1785,154736.25
1786,176106.25
1787,162600.0
1788,91537.5
1789,103687.5
1790,99125.0
1791,275125.0
1792,165493.75
1793,148600.0
1794,131187.5
1795,137937.5
1796,100111.625
1797,148800.0
1798,135125.0
1799,126900.0
1800,132737.5
1801,161791.875
1802,122787.5
1803,168875.0
1804,132812.5
1805,128125.0
1806,143754.75
1807,206848.75
1808,190098.125
1809,135500.0
1810,119193.75
1811,153743.75
1812,144175.0
1813,120000.0
1814,115625.0
1815,77850.0
1816,97768.875
1817,159937.5
1818,170300.0
1819,139519.5
1820,108112.5
1821,108531.875
1822,152375.0
1823,98226.375
1824,162149.25
1825,127979.25
1826,98450.0
1827,110393.75
1828,130306.25
1829,137687.5
1830,178606.25
1831,150125.0
1832,145875.0
1833,165312.5
1834,112912.5
1835,129268.75
1836,121460.0
1837,123406.25
1838,150687.5
1839,86031.25
1840,159125.0
1841,149125.0
1842,127925.0
1843,146000.0
1844,122047.875
1845,214251.875
1846,192602.75
1847,226411.625
1848,84901.375
1849,180198.125
1850,124737.5
1851,159187.5
1852,145750.0
1853,140662.5
1854,129656.25
1855,171871.25
1856,179131.25
1857,192268.75
1858,161169.125
1859,110377.75
1860,170974.625
1861,110377.75
1862,279593.75
1863,213704.375
1864,213704.375
1865,278800.0
1866,261362.5
1867,209823.75
1868,323541.5
1869,202175.0
1870,159475.0
1871,200016.625
1872,172104.375
1873,207770.625
1874,141300.0
1875,262290.25
1876,217147.25
1877,206750.0
1878,214367.625
1879,154850.0
1880,131032.5
1881,323541.5
1882,265129.0
1883,189387.5
1884,191112.5
1885,222552.75
1886,301814.625
1887,215244.5
1888,244009.625
1889,175479.375
1890,144375.0
1891,132675.0
1892,116500.0
1893,156562.5
1894,183324.5
1895,156593.75
1896,158812.5
1897,121950.0
1898,102587.5
1899,110333.625
1900,126850.0
1901,185475.0
1902,205790.25
1903,201241.875
1904,139881.25
1905,167475.0
1906,193448.125
1907,205937.5
1908,99562.5
1909,103425.0
1910,101312.5
1911,187462.5
1912,225425.0
1913,201500.0
1914,99750.0
1915,218429.875
1916,164642.5
1917,227848.75
1918,139112.5
1919,161250.0
1920,215650.625
1921,353347.25
1922,308916.0
1923,200062.5
1924,227112.5
1925,198187.5
1926,336497.25
1927,136818.75
1928,173300.0
1929,130287.5
1930,107712.5
1931,135175.0
1932,142312.5
1933,180750.0
1934,212397.25
1935,190450.0
1936,188718.75
1937,210676.875
1938,162037.5
1939,215251.875
1940,156772.5
1941,189591.875
1942,184975.0
1943,142571.875
1944,256465.375
1945,335677.75
1946,198790.5
1947,221312.5
1948,310906.25
1949,219400.0
1950,162062.5
1951,233517.125
1952,298490.75
1953,187276.125
1954,173553.125
1955,137550.0
1956,307125.0
1957,191298.75
1958,309845.125
1959,185000.0
1960,117156.25
1961,122787.5
1962,98862.5
1963,98237.5
1964,104487.5
1965,152812.5
1966,161916.875
1967,266350.0
1968,396116.875
1969,345791.0
1970,362142.0
1971,331718.75
1972,331203.75
1973,216062.5
1974,269093.75
1975,392266.875
1976,245300.0
1977,258580.375
1978,286181.75
1979,231383.875
1980,205026.0
1981,243849.25
1982,209425.0
1983,163202.375
1984,149562.5
1985,207117.375
1986,207117.375
1987,175474.5
1988,170242.5
1989,183981.25
1990,187118.75
1991,195131.25
1992,211779.375
1993,162487.5
1994,270062.5
1995,184167.5
1996,254750.0
1997,246275.0
1998,352601.25
1999,278331.25
2000,283388.875
2001,228125.0
2002,249112.5
2003,201124.75
2004,210218.75
2005,181187.5
2006,190225.5
2007,230780.375
2008,155875.0
2009,182656.25
2010,196648.375
2011,136225.0
2012,143114.625
2013,198091.5
2014,208162.5
2015,199300.0
2016,204725.0
2017,208966.875
2018,133646.875
2019,132625.0
2020,129187.5
2021,111687.5
2022,204671.25
2023,181050.0
2024,298221.25
2025,277343.75
2026,179541.875
2027,154223.125
2028,143173.625
2029,166612.5
2030,243987.5
2031,174675.0
2032,202629.875
2033,205554.875
2034,158987.5
2035,245468.75
2036,154800.0
2037,154112.5
2038,163641.75
2039,157150.0
2040,250015.625
2041,213562.5
2042,173312.5
2043,170062.5
2044,195525.625
2045,243115.25
2046,208737.25
2047,204022.25
2048,121110.375
2049,202025.625
2050,182287.5
2051,99325.0
2052,139498.75
2053,141406.25
2054,102906.25
2055,170537.5
2056,124837.5
2057,132331.25
2058,232800.0
2059,144875.0
2060,168925.0
2061,248175.0
2062,146800.0
2063,118562.5
2064,151412.5
2065,145268.75
2066,179716.5
2067,108550.0
2068,233516.0
2069,112100.0
2070,127343.75
2071,96387.5
2072,172675.0
2073,140112.5
2074,193037.5
2075,147018.75
2076,123175.0
2077,141118.75
2078,130562.5
2079,158400.0
2080,115393.75
2081,143250.0
2082,190042.125
2083,171237.5
2084,112662.5
2085,162925.0
2086,111837.5
2087,137227.0
2088,123379.25
2089,88687.5
2090,124175.0
2091,170841.875
2092,166918.75
2093,166062.5
2094,105081.875
2095,147125.0
2096,103750.0
2097,95100.0
2098,188812.5
2099,111250.0
2100,150100.0
2101,178130.0
2102,125325.0
2103,100338.875
2104,179112.5
2105,129112.5
2106,135666.875
2107,251550.0
2108,123300.0
2109,127143.75
2110,123625.0
2111,154231.25
2112,159437.5
2113,123143.75
2114,99350.0
2115,127293.75
2116,112768.75
2117,126050.0
2118,112312.5
2119,96185.0
2120,101637.5
2121,79275.0
2122,111812.5
2123,80662.5
2124,134131.25
2125,142368.75
2126,186500.0
2127,171737.5
2128,137754.75
2129,112643.75
2130,145225.0
2131,178774.25
2132,144987.5
2133,143131.25
2134,121487.5
2135,95937.5
2136,127000.0
2137,116068.75
2138,141943.75
2139,144143.75
2140,140112.5
2141,129800.0
2142,135556.25
2143,127912.5
2144,153594.875
2145,131875.0
2146,170487.5
2147,191050.0
2148,150612.5
2149,135112.5
2150,200183.75
2151,101775.0
2152,197483.75
2153,197609.0
2154,120750.0
2155,146550.0
2156,312080.0
2157,223384.625
2158,216238.75
2159,166443.75
2160,151904.375
2161,213845.0
2162,403308.375
2163,317054.0
2164,191718.75
2165,165312.5
2166,138925.0
2167,216244.5
2168,196787.5
2169,192843.75
2170,189675.0
2171,150181.25
2172,131437.5
2173,184737.5
2174,215562.5
2175,247886.25
2176,316625.0
2177,237662.5
2178,206862.5
2179,143050.0
2180,290646.125
2181,182462.75
2182,247087.5
2183,169806.5
2184,140237.5
2185,123018.75
2186,180537.125
2187,141112.5
2188,161612.5
2189,310906.25
2190,82412.5
2191,103190.25
2192,128525.0
2193,133437.5
2194,105300.0
2195,169987.5
2196,119900.0
2197,116497.5
2198,189811.75
2199,204916.875
2200,157737.5
2201,197376.875
2202,177237.5
2203,165687.5
2204,185837.5
2205,141880.0
2206,127893.75
2207,184775.0
2208,219475.0
2209,187518.75
2210,93737.5
2211,120375.0
2212,100225.0
2213,102425.0
2214,130668.75
2215,117350.0
2216,180312.5
2217,139625.0
2218,116650.0
2219,99087.5
2220,89510.875
2221,218429.875
2222,218429.875
2223,199640.625
2224,213550.0
2225,153562.5
2226,212375.0
2227,188992.375
2228,194125.0
2229,211187.5
2230,153187.5
2231,195500.0
2232,193460.0
2233,167037.5
2234,193812.5
2235,230000.0
2236,253125.0
2237,338274.125
2238,202557.0
2239,111818.75
2240,174162.5
2241,170487.5
2242,145512.5
2243,146000.0
2244,99612.5
2245,98862.5
2246,139862.5
2247,103425.0
2248,122125.0
2249,125237.5
2250,133493.75
2251,297625.0
2252,209112.5
2253,152930.875
2254,166518.75
2255,212397.25
2256,176150.0
2257,169250.0
2258,138677.125
2259,170181.25
2260,133662.5
2261,158285.0
2262,207125.0
2263,284812.5
2264,300718.75
2265,276868.75
2266,220150.0
2267,346603.5
2268,334666.0
2269,160067.625
2270,160250.0
2271,220687.5
2272,214237.5
2273,145925.0
2274,174175.0
2275,197300.0
2276,158350.0
2277,225916.875
2278,168487.5
2279,133312.5
2280,141270.625
2281,188262.625
2282,170062.5
2283,109437.5
2284,99937.5
2285,137000.0
2286,131537.5
2287,327809.75
2288,250605.125
2289,357365.75
2290,393972.25
2291,274304.0
2292,329802.75
2293,380260.375
2294,397397.625
2295,280542.125
2296,276194.25
2297,235730.0
2298,269712.25
2299,396579.0
2300,287657.625
2301,215612.5
2302,258481.125
2303,205209.625
2304,241500.0
2305,181854.875
2306,188979.875
2307,197906.25
2308,180750.125
2309,237775.0
2310,163202.375
2311,208992.375
2312,197376.875
2313,174446.875
2314,181485.875
2315,178580.0
2316,183275.0
2317,158487.5
2318,182492.5
2319,162487.5
2320,172643.75
2321,208242.375
2322,182324.5
2323,179937.5
2324,152185.625
2325,226417.625
2326,156462.5
2327,174556.25
2328,215834.75
2329,188618.75
2330,165062.5
2331,328186.375
2332,309855.0
2333,288593.75
2334,263300.0
2335,218350.0
2336,319271.25
2337,178395.0
2338,190312.5
2339,220593.75
2340,375926.25
2341,205270.0
2342,210862.5
2343,210075.0
2344,193000.0
2345,205309.875
2346,190850.5
2347,190233.875
2348,197587.5
2349,184121.875
2350,237125.0
2351,239392.875
2352,232804.125
2353,267175.0
2354,147506.25
2355,154856.25
2356,151056.25
2357,208476.875
2358,176875.0
2359,154737.5
2360,113750.0
2361,142425.0
2362,240265.5
2363,133093.75
2364,143126.125
2365,190629.875
2366,178879.5
2367,194137.625
2368,208992.375
2369,171869.375
2370,163675.0
2371,166612.5
2372,192724.25
2373,227376.625
2374,253864.125
2375,173081.25
2376,403308.375
2377,261042.125
2378,146467.625
2379,209029.375
2380,131062.5
2381,153687.5
2382,164718.75
2383,200802.5
2384,259218.75
2385,140343.75
2386,136156.25
2387,131006.25
2388,103987.5
2389,120625.0
2390,154300.0
2391,138612.5
2392,103656.25
2393,138387.5
2394,142362.5
2395,206375.0
2396,150931.25
2397,238437.5
2398,127081.25
2399,88812.5
2400,95687.75
2401,100312.5
2402,139793.75
2403,194335.0
2404,156412.5
2405,157225.0
2406,120125.0
2407,140482.5
2408,122193.75
2409,132614.625
2410,169675.0
2411,122175.0
2412,150312.5
2413,152930.0
2414,144375.0
2415,179875.0
2416,121850.0
2417,136937.5
2418,128843.75
2419,162118.75
2420,134375.0
2421,161312.5
2422,169010.625
2423,168763.75
2424,167803.75
2425,242017.5
2426,152800.0
2427,149354.375
2428,174881.25
2429,112782.25
2430,131625.0
2431,129718.75
2432,131337.5
2433,156906.25
2434,145806.25
2435,180187.5
2436,103190.25
2437,113725.0
2438,132045.0
2439,113912.5
2440,123862.5
2441,143650.0
2442,162259.375
2443,117975.0
2444,150911.375
2445,108637.5
2446,156250.0
2447,184884.375
2448,165825.0
2449,132429.25
2450,179825.0
2451,139988.0
2452,217625.0
2453,101112.5
2454,116925.0
2455,121875.0
2456,173425.0
2457,113750.0
2458,100787.5
2459,110393.75
2460,127862.5
2461,113562.5
2462,137450.0
2463,125237.5
2464,171250.0
2465,177526.875
2466,156245.75
2467,116800.0
2468,89587.5
2469,110206.875
2470,212000.0
2471,196212.5
2472,241862.5
2473,134662.5
2474,153925.0
2475,228187.5
2476,138579.25
2477,146037.5
2478,175718.75
2479,157175.0
2480,158675.0
2481,148150.0
2482,130875.0
2483,130032.25
2484,135000.0
2485,135562.5
2486,174925.0
2487,274017.875
2488,132000.0
2489,154412.5
2490,171056.25
2491,95861.625
2492,163437.5
2493,150262.125
2494,190590.625
2495,131874.625
2496,211125.0
2497,159143.75
2498,102875.0
2499,103143.75
2500,132675.0
2501,174100.0
2502,152437.5
2503,145531.25
2504,192439.375
2505,202343.75
2506,199998.75
2507,230196.375
2508,229455.375
2509,206129.125
2510,196750.0
2511,193849.25
2512,198187.5
2513,211709.75
2514,211058.75
2515,160550.0
2516,157987.5
2517,131144.75
2518,151375.0
2519,198412.5
2520,204400.0
2521,167625.0
2522,212209.75
2523,133837.5
2524,133613.5
2525,138987.5
2526,144375.0
2527,148885.625
2528,127718.75
2529,130200.0
2530,127587.5
2531,297479.0
2532,211397.25
2533,188918.75
2534,159468.75
2535,324814.5
2536,247375.0
2537,193875.0
2538,182055.0
2539,159882.0
2540,180190.0
2541,176365.25
2542,170242.5
2543,135725.0
2544,138000.0
2545,197314.375
2546,165006.25
2547,112625.0
2548,156937.5
2549,164625.0
2550,271946.75
2551,132675.0
2552,116100.0
2553,103190.25
2554,151496.75
2555,109375.0
2556,117485.375
2557,131875.0
2558,217250.0
2559,165856.25
2560,122987.5
2561,142062.5
2562,130737.5
2563,142862.5
2564,163612.5
2565,138106.25
2566,168106.25
2567,117700.0
2568,183018.75
2569,187000.0
2570,97487.5
2571,168362.5
2572,133612.5
2573,228956.75
2574,204475.25
2575,126687.5
2576,151743.75
2577,182812.5
2578,107825.0
2579,91706.25
2580,171425.0
2581,171295.0
2582,111875.0
2583,262425.0
2584,152225.0
2585,179675.0
2586,211044.875
2587,192812.5
2588,133956.25
2589,135500.0
2590,209379.875
2591,260328.0
2592,184575.0
2593,170462.5
2594,157917.5
2595,183818.0
2596,323166.5
2597,181462.5
2598,255600.0
2599,253927.625
2600,306868.75
2601,134412.5
2602,104800.0
2603,99237.5
2604,102800.0
2605,94562.5
2606,142562.5
2607,218687.5
2608,247290.5
2609,188450.0
2610,123050.0
2611,194393.75
2612,143750.0
2613,141275.0
2614,121437.5
2615,156312.5
2616,143000.0
2617,317054.0
2618,251696.75
2619,270327.25
2620,192825.0
2621,203035.875
2622,180359.375
2623,227250.0
2624,324416.625
2625,357947.0
2626,135431.25
2627,175474.5
2628,294032.625
2629,305465.5
2630,277004.0
2631,354355.25
2632,327577.75
2633,230687.5
2634,259029.625
2635,140937.5
2636,207896.875
2637,149425.0
2638,231730.0
2639,189956.25
2640,155925.0
2641,116475.0
2642,207744.5
2643,142660.625
2644,163175.0
2645,101612.5
2646,99300.0
2647,103300.0
2648,151012.5
2649,142806.25
2650,115312.5
2651,143875.0
2652,256250.0
2653,231099.125
2654,255042.625
2655,347365.75
2656,246113.75
2657,261102.0
2658,265129.0
2659,264037.5
2660,284066.25
2661,325916.0
2662,332562.5
2663,276942.0
2664,168693.25
2665,255362.5
2666,217549.25
2667,157787.5
2668,166584.375
2669,184017.625
2670,228525.0
2671,170242.5
2672,180634.375
2673,203942.375
2674,203942.375
2675,178228.125
2676,178130.0
2677,214834.75
2678,269454.0
2679,222761.25
2680,231187.5
2681,339830.0
2682,307480.0
2683,258142.875
2684,273937.5
2685,292200.0
2686,220689.125
2687,311365.25
2688,217792.625
2689,182444.25
2690,397611.625
2691,184793.75
2692,153387.5
2693,204330.125
2694,136225.0
2695,182543.75
2696,159625.0
2697,188918.75
2698,163925.0
2699,205256.25
2700,164981.25
2701,157480.0
2702,107943.75
2703,109475.0
2704,149750.0
2705,133487.5
2706,107532.25
2707,114032.25
2708,144643.75
2709,122137.5
2710,124562.5
2711,354547.0
2712,289468.75
2713,174629.5
2714,133348.125
2715,172204.125
2716,143116.75
2717,175740.25
2718,209986.75
2719,155732.375
2720,162806.25
2721,138550.0
2722,204662.5
2723,147125.0
2724,133237.5
2725,140375.0
2726,147750.0
2727,162619.5
2728,166175.0
2729,150437.5
2730,146531.25
2731,126487.5
2732,119631.25
2733,173625.0
2734,172905.125
2735,161125.0
2736,154500.0
2737,122612.5
2738,189893.75
2739,161969.875
2740,132131.25
2741,163450.0
2742,153293.75
2743,162925.0
2744,149675.0
2745,130375.0
2746,146831.25
2747,124475.0
2748,123600.0
2749,139131.25
2750,160000.0
2751,182215.25
2752,183062.5
2753,174550.0
2754,306189.875
2755,136856.25
2756,104218.75
2757,103687.5
2758,98487.5
2759,173675.0
2760,224837.5
2761,147368.75
2762,154600.0
2763,233862.5
2764,125050.0
2765,224287.5
2766,176650.0
2767,101112.5
2768,185883.75
2769,157000.0
2770,133237.5
2771,124912.5
2772,136375.0
2773,177071.875
2774,132800.0
2775,125456.25
2776,130300.0
2777,120375.0
2778,126138.0
2779,160812.5
2780,134750.0
2781,102872.5
2782,117975.0
2783,153856.25
2784,117812.5
2785,122287.5
2786,99987.5
2787,118675.0
2788,103687.5
2789,135750.0
2790,94100.0
2791,159925.0
2792,100435.0
2793,204425.0
2794,114687.5
2795,121000.0
2796,123812.5
2797,247290.5
2798,148675.0
2799,137187.5
2800,99131.25
2801,124075.0
2802,143762.5
2803,212950.625
2804,167500.0
2805,97300.0
2806,96947.5
2807,126562.5
2808,142756.25
2809,125862.5
2810,131000.0
2811,164190.625
2812,136232.5
2813,208844.375
2814,209832.625
2815,132175.0
2816,267644.25
2817,151343.75
2818,128406.25
2819,138437.5
2820,155750.0
2821,111437.5
2822,214308.75
2823,334703.0
2824,175250.0
2825,145687.5
2826,143612.5
2827,140675.0
2828,248100.0
2829,165065.625
2830,228325.0
2831,157018.75
2832,306850.25
2833,226687.5
2834,211287.5
2835,205876.25
2836,199312.5
2837,156312.5
2838,143372.5
2839,168100.0
2840,195194.5
2841,199593.75
2842,200662.5
2843,181575.0
2844,154725.0
2845,122675.0
2846,208150.0
2847,208093.75
2848,169812.5
2849,184775.0
2850,262218.75
2851,194045.625
2852,252425.0
2853,252506.25
2854,142837.5
2855,202494.5
2856,186075.0
2857,187017.5
2858,180057.0
2859,147187.5
2860,125187.5
2861,189000.0
2862,162612.5
2863,113435.375
2864,225975.0
2865,132675.0
2866,149562.5
2867,114425.0
2868,142037.5
2869,170500.0
2870,222552.75
2871,103112.5
2872,91987.5
2873,137291.875
2874,141812.5
2875,124325.0
2876,154187.5
2877,126254.25
2878,156937.5
2879,135050.0
2880,125556.25
2881,177142.5
2882,195025.0
2883,197062.5
2884,171037.5
2885,194013.75
2886,289157.625
2887,119700.0
2888,138300.0
2889,73776.375
2890,112112.5
2891,177375.0
2892,104593.75
2893,115472.0
2894,94862.5
2895,262425.0
2896,218429.875
2897,186296.875
2898,191397.5
2899,198268.75
2900,146631.25
2901,300718.75
2902,201182.0
2903,349097.25
2904,323541.5
2905,198790.5
2906,194292.125
2907,131910.625
2908,113625.0
2909,220129.125
2910,86362.5
2911,104800.0
2912,146425.0
2913,103425.0
2914,99437.5
2915,93437.5
2916,95487.5
2917,216937.5
2918,114425.0
2919,236230.0
